A CAPPELLA;4.2;1.43;4.2;-7.45
ABBY;8.49;9.69;0.37;-0.41
ABEL;5.5;9.87;4.39;-3.29
ABERCROMBIE;1.79;-0.86;1.38;6.46
ABRACADABRA;5.44;8.6;2.65;5.64
ACE;0.19;-2.38;1.7;2.46
ACHILLES;9.35;9.77;3.58;-2.05
ACTION;3.18;8.29;4.32;7.21
ADMIRAL;1.14;-3.29;2.76;-5.67
ADONIS;9.16;7.43;1.49;9.91
ADRIATIC;2.4;6.91;0.97;-5.39
AESOP;6.25;-1.05;1.82;3.42
AFFINITY;1.58;6.98;4.09;-3.68
AJAX;5.53;-4.25;4.97;8.02
AKIRA;5.96;-1.07;1.64;-2.65
ALADDIN;5.49;1.85;0.11;-0.33
ALASTAIR;1.51;6.12;3.12;9.79
ALCATRAZ;9.23;-2.18;0.24;2.51
ALCHEMY;8.42;-3.9;2.56;-2.7
ALDO;8.4;-4.12;1.03;-9.55
ALEXIA;2.47;-4.41;2.85;-6.82
ALFALFA;0.14;9.97;4.03;7.31
ALGER;4.92;-2.26;2.96;1.55
ALI BABA;6.23;-0.44;0.06;0.84
ALLEGRO;6.14;-0.59;1.96;8.88
ALOYSIUS;5.65;-0.27;0.32;9.72
ALPACA;0.66;0.77;0.5;-2.1
ALPHA;4.65;9.2;3.53;8.84
ALPINE;3.85;-2.07;1.18;1.45
AMABLE;0.68;6.19;4.11;2.33
AMARETTO;2.89;2.97;0.9;-1.45
AMAZON;9.25;1.03;2.22;-0.79
AMBASSADOR;7.27;9.93;4.24;-0.45
AMBER;4.97;8.31;3.05;-8.58
AMBROSIA;6.49;8.37;3.34;-6.81
AMETHYST;0.96;4.82;3.98;-1.0
AMIGO;5.15;0.68;0.94;-7.66
AMMO;2.82;3.39;4.19;-7.87
AMORE;8.17;-2.69;4.38;1.02
AMOS;6.34;1.68;2.93;4.83
AMPERSAND;1.26;-1.61;4.93;9.83
ANACONDA;0.19;3.38;3.64;0.21
ANAIS;4.39;3.66;2.63;-7.97
ANASTASIA;7.73;-1.71;2.54;-8.28
ANDALUSIA;8.44;6.57;3.49;-2.45
ANDORRA;4.2;1.46;1.34;-9.51
ANDROID;7.77;6.83;1.84;7.33
ANDROMEDA;8.36;0.18;0.31;-6.54
ANGEL;3.78;4.96;2.04;-4.92
ANGSTROM;9.99;6.49;3.7;-8.19
ANGUS;7.29;5.71;4.94;8.72
ANIMAL;7.2;-3.34;1.42;4.83
APACHE;9.91;1.08;0.77;9.02
APOGEE;9.98;2.65;1.4;8.77
APOLLO;7.0;-2.48;1.35;7.33
APPRENTICE;8.88;9.62;3.91;-4.62
APRIL;7.51;5.5;0.82;9.96
AQUARIUS;0.5;6.92;0.03;0.11
ARAPAHO;8.4;3.64;0.24;1.4
ARCHIE;3.33;4.07;2.79;4.68
ARES;3.8;-2.16;2.72;3.53
ARGUS;0.83;6.88;0.88;3.58
ARI;1.53;0.26;2.12;-6.74
ARIEL;0.36;-2.47;0.74;9.55
ARIES;2.36;-3.75;4.29;5.71
ARISTOTLE;9.58;-3.74;4.61;-2.36
ARMANI;9.53;1.09;1.38;-4.62
ARMSTRONG;4.18;1.09;2.78;-7.39
ARTY;8.87;-2.2;0.86;-7.74
ASHES;3.48;-4.24;0.08;9.6
ASIA;2.01;-0.21;2.13;-4.39
ASPEN;2.71;9.51;2.43;2.6
ASPHALT;8.17;7.35;4.94;-7.81
ASSET;3.57;6.78;0.94;0.64
ASTRO;1.92;4.51;4.96;-8.45
ASYLUM;6.85;2.77;1.88;-3.55
ATHENA;7.33;-2.79;3.17;-4.5
ATLANTIS;3.72;-4.67;2.53;-2.73
ATLAS;1.12;7.22;2.08;4.02
ATOM;4.54;-3.21;3.71;-7.26
ATTICUS;9.92;0.28;2.77;4.98
ATTILA;6.59;3.69;1.49;-0.54
AUDACITY;9.57;0.07;3.33;-0.23
AUDITOR;4.82;0.5;1.51;7.05
AUGUST;6.35;-0.78;0.22;2.22
AUGUSTUS;1.92;7.58;0.63;-4.43
AUREOLE;3.14;1.5;0.57;-6.82
AURORA;6.69;7.29;2.12;-1.17
AUSSIE;5.43;8.78;4.5;-2.35
AUSTIN;2.26;5.89;1.54;-6.31
AUTOBAHN;5.08;9.47;2.94;-2.75
AUTUMN;7.88;-2.42;1.82;-0.17
AVALANCHE;1.96;-0.63;2.51;-5.2
AVALON;1.03;5.79;2.51;-0.19
AVANTI;6.07;9.43;0.52;-6.36
AVIS;8.49;5.74;3.99;-5.62
AXLE;5.55;-1.28;4.08;-1.28
B.B.;8.01;0.7;4.14;-7.49
BABA;7.98;-0.62;3.87;-8.12
BABBIT;4.51;3.51;0.85;1.13
BABE;5.51;4.72;4.13;-1.51
BABETTE;7.14;8.44;0.24;4.33
BABIRUSA;6.18;9.61;1.88;7.74
BABS;6.28;-2.71;1.63;6.54
BABUSHKA;6.89;1.58;4.43;-6.1
BABY;1.82;-2.75;1.46;-0.13
BABY-DOLL;5.55;4.68;0.63;-9.31
BABY-FACE;6.76;2.16;4.8;-0.08
BABYKINS;2.66;-3.17;2.56;-3.79
BACCARAT;2.46;7.05;4.19;0.3
BACCHUS;5.08;4.98;0.51;-9.48
BACH;4.67;4.92;1.78;0.15
BACI;7.02;-3.15;0.42;-6.82
BACON;1.52;8.57;2.22;4.8
BADGER;6.15;0.5;4.26;-6.86
BAGGINS;7.65;-1.45;4.65;4.12
BAGUETTE;4.83;3.31;4.88;8.06
BAHAMA MAMA;0.85;2.67;3.67;-1.57
BAILEY;9.35;9.25;3.41;-4.51
BAJA;0.1;5.8;0.37;6.66
BALBOA;2.17;7.98;3.13;2.95
BALDRIC;6.5;7.55;0.58;-3.32
BALDWIN;5.05;2.88;0.57;9.56
BALDY;1.08;9.38;3.99;2.23
BALI;3.1;8.44;0.07;-3.96
BALLERINA;5.83;1.17;3.88;-3.26
BAM-BAM;2.55;6.93;0.12;5.62
BAMBI;6.99;6.08;3.42;-1.8
BAMBINO;7.43;7.27;0.35;3.18
BAMBOOZLER;2.04;6.54;1.04;5.36
BANDANNA;2.79;8.3;4.75;4.53
BANDIT;4.2;-2.51;3.11;9.76
BANDITO;4.73;2.15;2.62;-6.43
BANGLE;1.11;-2.75;4.0;-6.65
BANJO;9.86;7.29;0.41;9.19
BANNER;6.45;-0.27;4.32;6.55
BANQUO;9.45;4.34;3.29;9.47
BANSHEE;6.05;5.76;4.82;6.62
BANZAI;5.96;-3.06;2.14;5.21
BARBARIAN;2.31;4.79;4.33;0.78
BARBARINO;2.1;3.08;2.48;0.23
BARFLY;3.61;7.16;1.63;4.15
BARNACLE;5.13;-3.11;3.24;0.62
BARNEY;7.34;5.87;2.22;7.17
BARON;1.67;3.47;4.61;0.26
BAROQUE;8.33;5.44;2.31;-7.75
BART;0.56;-0.41;0.33;-5.22
BARTHOLOMEW;6.27;4.22;3.59;4.39
BARTON;4.13;-4.81;1.08;1.32
BASEL;8.96;0.33;3.43;5.67
BASHFUL;0.48;0.96;1.87;6.39
BASIL;9.96;5.11;1.8;8.2
BASS;2.02;9.66;2.63;8.87
BAXTER;2.34;6.72;1.91;5.36
BAYOU;7.82;3.47;2.4;-9.25
BAZOOKA;2.35;-4.73;3.28;6.23
BEACHBABY;0.27;3.18;3.76;-7.46
BEACHCOMBER;9.54;-0.46;2.01;2.73
BEAMER;8.35;-1.41;0.35;-4.06
BEANS;2.18;-0.6;4.21;4.43
BEAR;3.08;8.39;1.85;0.73
BEARLOCK HOLMES;9.5;1.27;4.99;0.69
BEAU;2.56;-3.3;1.54;8.39
BEAUCOUP;4.67;-1.72;1.36;-4.96
BEAUREGARD;6.96;6.72;3.37;9.51
BEAUTY;4.97;4.95;4.08;1.25
BEDOUIN;6.11;6.45;1.21;-2.53
BEEFEATER;8.07;0.77;4.27;-3.65
BEELZEBUB;4.87;9.22;4.69;-4.57
BEEPER;5.9;9.73;2.19;9.79
BEETHOVEN;3.96;1.47;1.82;9.12
BEETLEJUICE;0.06;7.58;1.63;-5.96
BEGONIA;6.55;8.32;0.13;2.57
BELLA MIA;5.15;-3.06;4.86;5.97
BELLADONNA;3.11;1.54;4.32;-1.09
BELLBOY;9.07;8.83;3.96;-5.88
BELLE;9.96;3.04;4.47;-6.14
BELUGA;1.63;3.78;0.98;-8.71
BEN;8.96;6.13;0.24;-6.14
BENGAL;5.47;8.34;0.41;-2.43
BENJI;8.79;0.04;2.77;-3.73
BENNINGTON;5.78;2.5;3.73;3.24
BENTLEY;0.31;-2.53;2.15;-6.24
BEOWOOF;7.62;6.89;2.08;6.59
BERBER;1.24;-1.82;4.65;-9.61
BERET;2.48;-2.86;4.36;6.17
BERTHA;8.02;5.84;0.06;1.37
BESSIE;7.85;-2.94;4.28;-7.48
BETA;4.77;8.88;0.87;-5.97
BETTY BOOP;6.34;0.68;1.11;8.75
BEULAH;2.28;4.58;1.15;-8.05
BEWITCHED;3.28;7.0;0.29;-4.68
BIALY;2.11;0.1;4.35;9.94
BIANCA;4.28;5.08;0.97;-1.95
BRIDGET;3.51;2.12;0.36;-8.26
BIG BOY;6.56;5.95;4.23;4.81
BIG DIPPER;3.36;-4.01;3.51;7.8
BIG TIME;0.66;-3.58;1.64;0.29
BIGFOOT;1.88;8.85;4.45;-4.25
BIJOU;1.42;8.59;0.26;-6.48
BIKER;9.18;-4.89;0.07;-9.82
BIKO;9.62;7.94;1.29;-1.68
BILBO ;0.5;6.03;1.81;-5.37
BIMBO;8.24;-3.93;0.98;-8.98
BINA;0.2;-0.44;4.1;-7.28
BINGO;9.91;8.42;3.55;-4.49
BIRDY;7.25;-0.53;0.78;0.62
BISHOP;4.32;5.98;2.15;-9.85
BISMARCK;7.47;-2.5;3.67;8.52
BITS;7.1;8.2;0.22;-3.46
BIZZY;0.13;0.22;3.75;2.77
BLACKBIRD;4.21;9.02;1.57;-5.29
BLACKIE;9.12;-3.46;1.54;6.59
BLACKJACK;8.12;0.67;4.31;-5.35
BLANCHE;1.44;0.18;4.67;1.14
BLAZE;4.82;-0.45;4.33;-1.16
BLIMP;8.12;-4.31;1.65;-5.57
BLITZEN;3.18;1.4;0.79;-4.39
BLONDIE;5.39;9.61;2.49;-9.71
BLOSSOM;0.4;7.69;2.18;8.06
BLOTTO;6.14;8.02;2.56;-5.26
BLUBBER;0.18;-2.31;2.57;8.32
BLUE;4.48;-0.52;2.87;1.8
BLUEBERRY;2.49;-4.31;4.32;-8.06
BLUEPRINT;8.6;6.98;0.64;6.38
BLUES;6.35;-4.23;4.28;-7.94
BLUNDER;9.48;-4.09;0.88;-3.93
BOA;9.67;5.46;2.24;-1.65
BOB;5.85;-1.56;0.34;-0.58
BOBO;2.4;8.49;1.27;-9.72
BOCA;7.97;4.35;2.01;-7.0
BOCCACCIO;2.24;-4.45;1.03;-0.5
BODACIOUS;5.42;1.18;4.11;-5.84
BOGART;3.97;5.6;1.39;1.24
BOGEYMAN;6.64;-4.14;4.1;-7.85
BOHEMIAN;6.76;4.32;4.75;-0.58
BOJANGLES;0.45;3.47;4.39;-5.4
BOLERO;5.5;-0.52;2.03;-4.9
BOLL WEEVIL;2.12;8.01;2.58;-8.22
BOLLA;5.48;2.45;3.22;-6.71
BOLOGNA;9.3;7.8;0.36;5.8
BOMBSHELL;1.49;3.48;4.85;7.68
BONBON;5.49;8.17;1.7;-2.87
BOND;5.66;-3.25;2.88;8.2
BONES;1.16;6.75;1.66;5.52
BONFIRE;0.12;5.83;0.84;1.0
BONGO;5.38;6.17;4.04;7.84
BONO;3.76;3.14;4.17;-4.2
BONSAI;2.94;2.16;1.83;-0.1
BOOBER;4.25;-3.93;3.12;0.26
BOO;4.81;4.35;0.95;-5.48
BOO-BOO;9.51;1.21;2.8;6.25
BOOGABOO;2.17;0.26;3.9;-6.65
BOOGIE-WOOGIE;4.85;6.88;4.94;-2.39
BOOKER;6.5;2.19;1.33;-5.63
BOOKIE;4.91;-2.31;2.69;-5.76
BOOM-BOOM;1.15;5.19;0.53;2.58
BOOMER;1.74;-1.19;0.49;-7.52
BOONE;1.95;3.11;1.36;-3.9
BOOTS;3.0;-3.44;2.76;6.2
BOOZER;7.11;3.5;1.32;4.76
BORA;6.75;0.06;0.96;-1.37
BORIS;9.08;0.95;2.5;3.84
BORSCHT;1.68;3.2;0.32;-0.45
BOSS;3.61;6.97;4.78;9.77
BOSSMAN;4.33;-0.67;3.3;7.72
BOUBA;3.57;-1.37;0.49;-9.66
BOUFFANT;7.24;-4.92;3.44;3.27
BOUGAINVILLEA;8.0;-3.54;2.38;6.65
BOUNCER;4.37;3.69;4.32;-0.31
BOUQUET;8.72;6.43;2.64;9.06
BOXER;2.89;1.36;4.78;-9.61
BOY;0.05;-0.95;2.25;-5.77
BOZ;2.61;-0.47;2.47;9.53
BOZO;9.06;-2.46;1.02;-4.23
BRADSTREET;7.15;-0.67;4.52;-8.17
BRAIN;6.71;6.21;4.99;5.7
BRAINCHILD;3.25;3.5;4.91;1.03
BRAINDEAD;2.53;8.11;4.08;8.88
BRANDO;7.07;9.52;4.69;2.16
BRANDY;7.98;-4.58;4.17;-2.31
BRANDYWINE;9.09;1.53;2.31;-3.16
BRASSY;6.3;-0.32;4.05;-0.67
BRAT;1.4;7.71;2.56;6.81
BRATWURST;8.92;2.45;3.84;-6.98
BRAVO;3.95;7.92;3.94;-4.67
BREATHLESS MAHONEY;1.24;1.04;2.82;-0.81
BREW;8.6;5.72;0.53;1.0
BREWSKY;2.84;-2.56;0.83;8.03
BRIE;2.52;-2.67;0.49;4.17
BRIER;0.01;-2.45;3.64;-0.22
BRIT;4.75;8.85;0.01;-9.7
BRITTANY;0.55;6.54;4.0;-6.23
BROADWAY;2.57;2.05;2.14;0.35
BRONCO;3.79;9.75;1.2;8.7
BRONSON;6.35;7.38;1.84;2.79
BRONTË;0.78;7.28;3.31;1.38
BROUHAHA;4.6;7.08;4.38;7.01
BROWN SUGAR;2.61;9.58;2.64;-3.92
BROWNIE;2.98;9.59;0.63;2.97
BRUIN;6.75;9.56;0.84;1.79
BRUNHILDA;3.77;-4.52;4.11;-3.18
BRUNO;4.39;-4.16;1.84;-0.06
BRUTUS;4.84;3.77;0.72;-2.83
BUBBA;3.81;0.29;1.53;9.25
BUBBLES;9.31;1.41;3.5;-8.0
BUCCANEER;7.52;-2.87;4.72;0.73
BUCK;0.23;6.89;1.02;0.66
BUCKAROO;3.32;-1.12;1.08;-0.7
BUCKEYE;6.27;-1.25;4.02;-8.94
BUCKHEAD;2.12;9.29;2.8;-4.98
BUCKINGHAM;7.84;-2.79;1.49;-3.51
BUCKO;7.52;6.01;3.39;-9.34
BUCKSHOT;4.64;7.15;3.36;-7.88
BUCKWHEAT;4.97;-4.85;2.72;-1.79
BUD;8.96;8.41;3.48;-4.21
BUDDY;0.69;3.61;0.22;1.39
BUFFOON;0.89;3.68;2.47;2.83
BUFFY;2.99;-1.3;4.05;6.57
BUG;4.57;2.96;1.7;9.87
BUGINARUG;1.29;-2.04;0.37;9.21
BUGSY;6.85;7.08;0.46;7.07
BUGTUSSIE;0.4;6.74;3.14;8.28
BUICK;2.3;-3.21;0.09;3.91
BULLET;0.37;8.86;1.13;5.78
BULLFACE;1.04;-2.61;4.66;-1.91
BULLION;4.53;0.0;0.12;-6.35
BULLWINKLE;8.31;8.08;4.3;2.22
BUM;0.99;-2.77;4.21;-4.64
BUMPER;7.27;8.31;3.53;8.45
BUMPKIN;5.21;6.41;2.0;-5.53
BUNK;8.96;2.74;3.05;-4.74
BUNNY;3.89;8.53;3.93;7.37
BURGER;5.77;9.97;4.76;6.62
BURGUNDY;2.86;-0.8;4.01;2.53
BURLY;7.53;8.72;1.13;-1.81
BURMA;4.19;-0.25;4.92;-6.61
BURP;1.55;9.36;1.13;-9.96
BUSTER;0.15;6.97;1.88;-2.68
BUTCH;0.61;1.96;1.28;-8.84
BUTKUS;4.29;2.1;2.07;-2.09
BUTTER;5.27;1.12;1.62;4.97
BUTTERBALL;2.3;8.64;2.44;-7.32
BUTTERCUP;9.57;6.42;2.64;-8.84
BUTTERMILK;7.86;-2.64;0.02;-6.37
BUTTERSCOTCH;1.42;1.13;0.34;3.0
BUTTS;1.1;-4.65;0.21;-7.13
BUZZ;1.77;-4.4;3.21;5.57
BUZZARD;0.03;9.96;4.77;-9.41
BYRON;8.89;5.36;0.61;4.06
BYTE;7.42;-2.81;2.22;7.54
C.C.;6.75;8.06;3.8;-2.67
C.E.O.;8.59;2.59;0.03;9.57
CABARET;8.96;1.52;1.86;-3.77
CABO;7.47;7.02;3.85;-3.99
CABOODLE;2.22;4.63;0.95;-8.33
CABOOSE;1.47;2.66;0.56;9.68
CADBURY;5.64;-3.95;1.79;2.01
CADDY;7.63;4.03;2.95;-9.48
CADENCE;5.02;-0.47;1.38;-5.35
CADET;5.26;2.23;0.24;-0.02
CADILLAC;3.4;3.79;1.22;1.48
CAESAR;2.94;9.33;4.88;8.82
CAGNEY;1.88;8.0;0.52;-6.8
CAIRO;9.85;-1.19;2.21;5.24
CAJUN;7.25;8.13;4.31;1.84
CALAMITY;4.24;1.36;0.94;5.75
CALIBER;5.13;-1.8;2.37;6.84
CALICO;4.28;4.61;3.66;-3.97
CALIFORNIA;0.32;3.75;1.36;3.76
CALLOWAY;8.87;-1.6;2.65;-5.98
CALVIN;8.22;4.34;3.54;1.09
CALYPSO;8.67;1.72;2.79;-7.37
CAMELOT;3.65;9.75;2.06;-5.69
CAMEMBERT;0.09;0.68;4.43;4.07
CAMEO;6.22;4.14;3.69;-7.57
CAMUS;7.29;0.66;0.31;-6.58
CANDY;3.5;0.62;1.36;-3.5
CANIS;0.08;9.85;2.12;-6.75
CAPER;6.11;2.64;0.01;-5.04
CAPO;7.74;-0.11;3.12;-2.84
CAPONE;0.99;2.4;0.59;5.55
CAPRICORN;1.58;-2.07;4.96;-6.15
CAPTAIN;2.01;0.1;3.18;-1.3
CARAMBA;1.34;3.7;2.66;9.53
CARAMEL;9.13;1.7;1.48;1.76
CARAMELO;3.2;-1.57;3.36;-9.44
CARGO;0.27;1.54;2.38;9.51
CARIBOU;9.56;1.11;0.3;3.79
CARNATION;2.19;5.01;0.22;9.95
CAROB;3.28;-2.66;0.1;-3.13
CAROLINA;9.42;0.14;1.78;0.72
CARRAWAY;1.63;3.03;2.42;5.55
CASANOVA;2.57;0.74;4.46;-4.35
CASBAH;7.5;6.03;2.4;0.69
CASEY;0.1;2.41;0.96;6.21
CASH;8.3;-4.51;2.62;-8.27
CASHMERE;9.92;-3.31;0.45;7.81
CASINO;5.0;9.07;2.37;9.19
CASPAR;9.73;-2.84;2.01;5.39
CASPER;6.69;-3.83;3.51;-6.41
CASPIAN;7.69;5.11;2.99;-1.62
CASSIDY;8.23;3.91;3.29;2.55
CASSIE;7.16;-3.79;0.43;9.62
CASSIS;1.28;-3.01;0.69;-5.99
CASSIUS;2.12;-1.73;0.63;8.15
CASTAWAY;1.36;5.57;4.39;7.11
CATALINA;2.18;4.04;2.7;0.37
CATAMARAN;6.09;9.93;1.31;8.78
CAVIAR;8.54;6.64;3.55;9.66
CAYENNE;2.4;8.25;1.36;-2.5
CECIL;4.94;-0.97;2.72;9.0
CECILY;2.89;-1.03;4.79;2.16
CERBERUS;0.06;7.54;1.84;-3.56
C'EST MOI;3.88;1.68;0.35;-2.05
CHA SU BAO;0.18;8.67;4.89;8.14
CHABLIS;0.65;5.24;3.15;6.48
CHA-CHA;3.7;1.36;1.38;8.94
CHALET;7.2;4.72;2.81;-7.23
CHALLENGER;1.39;1.44;1.08;4.79
CHAMBRAY;1.05;8.31;3.49;-4.1
CHAMOIS;8.81;-1.69;0.07;7.32
CHAMPAGNE;5.58;3.47;3.69;-4.05
CHAMPION;9.88;7.6;4.13;4.97
CHANEL;5.15;-4.31;0.06;4.34
CHANTILLY;2.99;-2.22;1.78;0.56
CHAOS;0.72;-3.28;0.53;9.85
CHAPLIN;3.68;-3.38;0.43;0.1
CHARADE;6.19;8.35;3.51;-2.4
CHARLOTTE;0.27;-1.88;0.56;2.46
CHARMER;8.01;5.89;0.98;3.18
CHAUCER;1.37;-1.46;3.87;4.94
CHAUFFEUR;3.52;4.75;4.74;9.45
CHAYA;6.78;-0.88;2.62;4.13
CHECCA;5.39;-2.67;1.11;-2.1
CHECK;5.71;-2.94;3.93;-2.76
CHECKERS;2.67;0.56;0.86;-7.92
CHEDDAR;8.71;4.81;3.51;-6.77
CHEERLEADER;0.88;9.1;2.16;-4.57
CHEETAH;2.29;6.48;0.18;8.95
CHEKHOV;6.55;-3.0;0.83;-9.51
CHELSEA;7.73;4.14;3.14;9.71
CHERUB;3.72;-4.9;3.18;-8.0
CHESTER;7.92;-4.69;0.83;-0.81
CHEWBACCA;2.77;4.95;3.19;-8.85
CHEW-CHEW;8.76;-3.21;0.95;8.42
CHEWY;4.13;8.63;1.96;-6.97
CHEYENNE;4.0;8.78;2.76;-1.28
CHIANTI;2.12;7.69;3.41;-5.2
CHIC;5.08;-3.13;3.94;-1.91
CHICLET;6.7;-1.54;1.95;-3.29
CHICO;9.72;3.15;0.56;-3.85
CHICORY;3.13;4.26;3.42;3.25
CHIEF;5.93;6.97;4.88;7.11
CHIFFON;2.46;4.18;2.52;-3.23
CHILI;0.18;-1.23;2.1;-4.24
CHINA;7.85;6.51;0.71;-9.42
CHINA DOLL;1.38;-0.1;3.3;5.99
CHINCHILLA;4.56;9.05;0.05;-5.71
CHIN-CHIN;4.37;4.82;3.06;-3.02
CHIP;3.69;-3.09;4.6;8.12
CHIPMUNK;9.65;5.69;1.71;-3.67
CHIPPER;2.5;-2.7;2.43;8.76
CHIPS;8.02;8.21;2.98;5.43
CHIQUITA;6.38;4.77;2.12;-6.02
CHIVAS;1.79;-3.41;4.64;-3.54
CHLOE;0.16;-1.33;4.51;-1.81
CHO MEIN;6.38;3.74;0.35;5.76
CHOCOLATA;9.15;8.58;1.03;-3.64
CHOCOLATE;8.76;-2.92;2.85;-6.17
CHOCTAW;2.31;7.66;1.8;-1.63
CHOLO;1.82;-1.42;4.15;5.93
CHOO-CHOO;2.98;1.47;2.44;1.23
CHOPIN;5.86;6.93;0.36;-6.07
CHOPPER;4.81;9.93;0.15;-8.64
CHOPSTICKS;1.39;-1.88;4.41;3.3
CHORIZO;2.97;2.79;0.62;-5.9
CHOTCHKE;9.57;-0.59;1.67;-4.14
CHOWDER;3.49;3.28;3.76;-7.0
CHUBBY;9.18;-4.05;4.31;2.26
CHUBFISH;5.86;8.09;2.36;5.79
CHUMP;1.75;2.25;1.82;4.62
CHUNK;6.56;5.9;4.09;9.64
CHUNKY;8.6;5.3;1.22;-6.41
CHURCHILL;3.75;4.94;3.53;-7.36
CHUTNEY;6.3;-0.9;1.62;9.92
CHUTZPA;5.77;-0.7;2.13;-5.97
CIAO;9.58;4.69;4.32;5.28
CIMARRON;8.8;2.2;0.22;0.45
CINDER;3.04;3.5;0.65;1.75
CINNAMON;1.09;8.24;1.56;-9.79
CINNAMON BEAR;5.6;-0.11;1.13;-4.69
CIRCE;4.24;5.27;2.02;3.04
CISCO;4.18;-1.53;0.6;-7.48
CITRON;4.09;-4.38;0.32;-2.28
CITRUS;5.6;0.03;0.65;-4.33
CLASSY;6.37;4.67;4.98;4.48
CLEMENTINE;7.98;3.5;1.24;-4.21
CLEO;4.97;-0.81;2.97;4.83
CLICHÉ;5.82;5.43;0.42;-1.6
CLIPPER;2.79;0.58;1.58;-4.18
CLONE;4.94;7.27;1.69;-8.15
CLOVER;8.15;8.26;1.54;1.01
CLYDE;6.48;-0.86;0.12;-7.04
COCONUT;1.67;-4.19;0.48;-4.26
COCOPUFF;1.26;-2.22;4.51;9.66
CODY;1.55;7.33;2.18;-1.61
COGNAC;8.39;-4.78;4.17;5.49
COLA;7.27;9.61;3.27;5.47
COLONEL;4.79;7.98;4.95;-4.33
COLT;4.52;-0.48;0.23;-7.51
COMET;4.34;1.09;0.83;9.52
COMPADRE;6.49;0.07;0.94;7.81
CONAN;8.26;4.2;3.0;-0.9
CONDOR;9.29;2.09;1.12;-7.9
CONFECTION;0.54;6.38;0.31;-1.53
CONFETTI;1.58;2.21;2.39;0.22
CONFUCIUS;4.98;-0.24;0.66;3.96
CONGA;1.21;6.74;4.72;8.18
CONGO;2.76;5.7;4.39;9.61
CONJURER;4.03;9.7;2.67;-7.82
COOKIE;1.86;-3.56;2.05;-2.21
COOKIE MONSTER;2.52;1.95;0.53;-7.95
COON;2.5;3.17;0.0;9.91
COOTER;4.53;-2.68;3.29;-3.44
COPPER;4.83;1.25;3.65;6.75
COQUETTE;4.76;5.03;1.2;-7.47
CORAL;7.96;5.83;4.38;-6.71
CORAZON;4.12;1.96;2.12;5.26
CORDIAL;1.68;6.01;2.4;7.73
CORDOBA;4.85;6.42;2.04;2.45
CORI;4.9;-1.32;4.17;-0.35
CORKY;1.39;-0.45;0.53;-1.1
CORONA;7.2;-2.86;4.0;6.79
CORONET;9.8;-1.45;3.83;4.16
CORY;2.43;-1.32;1.06;5.5
COSMO;0.92;5.23;0.05;0.64
COUCH POTATO;5.82;3.29;3.94;-5.57
COUNT;4.98;6.84;1.51;4.13
COURVOISIER;8.62;0.4;1.39;-3.75
COUSCOUS;7.76;-0.28;1.23;4.23
COUSTEAU;6.53;8.33;3.89;7.36
COWBOY;1.14;-4.39;1.26;6.86
COWGIRL;1.07;0.67;2.32;-9.93
CRACKER;3.1;3.77;2.09;6.11
CRANBERRY;5.21;7.04;0.72;7.11
CRASH;4.98;0.78;3.51;-2.21
CRAWDAD;7.24;4.69;1.94;3.5
CRAWFORD;6.06;8.91;3.7;-8.27
CRESCENT;9.37;1.08;0.82;5.03
CRICKET;8.36;2.62;4.24;5.39
CRIER;9.84;6.29;0.92;8.64
CRIMSON;6.59;-3.71;0.44;5.87
CRISTYL;0.26;2.87;2.22;4.1
CRITTER;1.19;-4.64;2.21;-7.53
CROCKETT;1.9;9.7;3.16;-8.03
CROCUS;4.51;6.54;2.29;-2.64
CROISSANT;7.37;9.66;1.92;7.37
CROMWELL;2.88;6.64;4.58;6.42
CROUTON;6.9;-4.62;2.93;4.78
CRUISER;9.73;-1.78;1.88;7.59
CRUMB;0.26;0.38;0.93;2.96
CRUMPET;7.51;-0.84;3.37;-1.1
CRUNCHER;8.67;2.3;1.03;-4.58
CRUSADER;8.53;-3.11;3.53;-6.46
CRUSOE;2.84;7.92;4.67;-4.23
CRYBABY;7.54;6.75;0.34;4.33
CRYSTAL;6.24;4.43;2.44;-7.09
CUBBY;1.03;2.82;2.02;-5.39
CUCARACHA;5.03;4.02;1.05;-4.22
CUCINA;1.23;3.01;2.69;7.87
CUCKOO;8.52;8.61;3.0;-7.58
CUDDLES;4.74;9.57;3.47;-6.21
CUERVO;6.73;9.59;3.78;-6.92
CUPCAKE;8.67;4.17;2.22;-7.8
CURIOUS GEORGE;3.87;6.56;2.54;-7.7
CURLY;9.33;5.93;0.78;2.97
CURMUDGEON;9.26;2.76;3.55;9.42
CURRY;1.39;9.49;0.32;-6.33
CUTIE;9.61;-1.6;2.08;-7.25
CUTIE PIE;7.4;-1.2;1.33;2.28
CYPRESS;9.14;7.23;4.32;-3.48
CYRANO;0.69;-3.89;1.3;-2.45
CZAR;6.37;5.17;2.51;6.13
DA VINCI;6.54;4.53;4.14;3.68
DAGWOOD;9.25;8.46;2.47;-9.14
DAIQUIRI;9.56;6.12;1.72;2.34
DAISY;2.28;3.05;2.21;8.97
DAKOTA;7.36;1.17;4.34;8.57
DALI;2.38;5.06;1.15;-4.7
DALLAS;3.2;3.38;2.93;3.33
DAMAGE;2.14;-3.59;1.3;5.49
DAMSEL;2.82;-0.94;2.12;9.71
DANCER;2.18;8.06;2.4;-2.74
DANDELION;3.23;2.36;4.67;5.19
DANK;6.38;-2.47;4.77;-7.08
DANTE;3.53;-2.56;3.89;7.12
DANU;6.46;-4.56;4.53;-6.55
DANUBE;0.51;-3.2;1.91;-6.2
DAPHNE;4.97;-4.62;2.23;-1.67
DAREDEVIL;4.3;-0.58;3.04;8.21
DARTH VADER;7.9;9.41;2.26;-8.6
DASH;1.59;-4.62;2.61;-2.89
DASHER;1.17;-4.15;1.52;-2.82
DAWN;6.79;2.88;2.86;2.02
DAZZLER;7.11;-0.86;2.07;-2.47
DEBUTANTE;3.77;7.22;3.93;5.28
DEEOGEE;0.19;6.11;3.96;3.47
DEGAS;3.28;4.82;4.02;-2.39
DÉJÀ VU;3.15;0.98;0.36;1.85
DELILAH;3.88;-0.52;4.17;-0.09
DELTA;7.73;0.48;3.57;1.58
DERBY;6.54;-3.45;4.27;-3.44
DESDEMONA;6.3;4.38;1.83;9.4
DESIREE;5.54;-0.48;3.26;2.22
DESOTO;3.36;-4.71;2.71;9.68
DESPERADO;0.93;2.34;2.69;9.69
DETONATOR;8.37;5.2;0.63;8.23
DETOUR;0.22;4.41;3.98;-9.21
DEUCE;3.86;0.39;1.84;4.8
DEVIL;9.54;4.07;1.12;7.85
DEW;5.26;-0.38;1.76;4.03
DEXEDRINE;6.83;5.04;1.67;-2.07
DIABLO;1.37;4.62;0.7;-0.39
DIAMOND;2.5;-0.83;0.21;-3.15
DICE;6.96;0.61;0.19;-8.52
DICKENS;4.96;-2.67;4.74;-4.34
DIDDLEY;1.45;2.88;3.54;0.73
DIDI;1.44;4.47;2.55;6.53
DIGBY;9.98;9.97;0.32;-7.86
DIGGER;6.75;3.13;3.61;0.48
DIM SUM;6.06;-2.84;0.86;-1.2
DINGO;5.04;-1.31;0.51;4.07
DINO;7.03;-2.18;3.07;9.05
DIVA;2.45;3.46;0.51;7.52
DIVOT;6.36;9.18;0.08;0.06
DIXIE;0.73;5.48;1.16;1.3
DIZZY;9.25;2.62;3.38;8.01
DOC;4.53;1.13;2.64;3.66
DODGER;0.44;7.13;2.82;9.71
DODO;7.57;-4.71;0.79;6.21
DOGLET;5.68;-0.98;0.29;-4.69
DOGZILLA;5.45;-4.25;1.27;9.89
DOHENY;0.87;8.78;1.1;-3.21
DOLCE;5.16;2.76;1.65;8.62
DOLLY;5.19;5.72;2.42;2.3
DOMINO;4.12;-1.71;4.13;2.78
DON;7.26;8.78;0.1;-9.26
DONNER;3.81;2.89;3.23;9.97
DOODLE;5.77;6.51;1.1;6.58
DOOGIE;5.89;2.89;3.75;5.11
DOOLITTLE;8.52;7.48;4.87;-0.33
DOONESBURY;0.73;2.83;0.71;7.28
DOTS;6.22;6.23;3.84;-0.3
DOUBLE-O-SEVEN;1.28;-1.66;4.16;-4.41
DOUGH-BOY;0.18;-1.28;3.6;0.15
DOZER;7.4;-2.71;3.03;1.16
DR. WHO;5.18;4.8;0.49;-8.4
DRACO;8.25;-3.46;3.44;7.77
DRAGON;1.5;-0.74;4.83;8.77
DRAMBUIE;3.1;4.72;3.09;-1.9
DREADNOUGHT;2.61;1.38;4.69;1.71
DREAMER;3.16;-4.08;4.71;8.1
DREAMWEAVER;7.44;7.16;1.25;5.19
DROOPY;9.55;-2.89;2.6;-3.25
DRUMMER;8.59;6.44;3.03;6.63
DUBONNET;5.35;6.82;2.92;3.08
DUCHESS;0.59;1.82;2.42;-3.02
DUDE;1.63;0.42;4.02;8.46
DUDETTE;4.51;9.01;4.52;-5.53
DUDLEY;0.35;-3.36;0.1;5.57
DUFFY;7.93;7.91;4.05;-4.01
DUGONG;9.32;-1.28;2.12;1.97
DUKE;1.72;-3.22;2.81;-4.19
DUMPLING;6.72;2.03;1.42;-9.73
DUN;7.51;5.97;1.22;-3.56
DUNCAN;5.72;9.02;2.77;2.06
DUNK;2.43;6.5;3.58;1.38
DURANGO;1.52;-4.04;4.68;8.27
DUSTMOP;9.93;-2.97;3.22;4.59
DUSTY;6.25;4.7;1.21;-7.41
DWEEB;8.13;2.21;4.79;-3.69
DYLAN;9.41;-3.28;0.63;-9.11
DYNAMITE;9.82;3.67;2.23;-9.87
DYNAMO;3.88;9.7;2.58;-6.55
E.T.;0.29;8.63;2.14;0.99
EBI;0.41;6.78;1.73;-7.57
EBONY;2.15;0.31;3.69;9.03
ECHO;5.63;-3.78;1.99;1.84
ECLIPSE;8.48;-2.5;2.27;8.69
EDELWEISS;1.29;-1.26;1.73;2.28
EDGE;8.34;4.85;0.49;8.32
EGGO;5.09;-1.68;1.75;7.62
EINSTEIN;0.92;-0.95;1.23;9.67
ELF;5.52;0.85;3.67;-3.92
ELIAS;7.45;9.48;3.82;2.23
ELMER;6.15;-1.03;3.26;-7.26
ELMO;2.29;-3.52;0.7;-7.91
ELROY;6.95;4.97;3.73;-4.05
ELSA;7.01;-1.98;2.91;-9.86
ELVIRA;2.81;2.9;0.98;4.81
ELVIS;4.07;0.5;4.47;9.38
EMERALD;2.08;3.84;3.47;9.98
EMERSON;8.95;-2.82;1.35;6.07
EMILY;0.15;3.06;1.05;-4.96
EMMA;2.18;-3.14;2.66;4.47
ENCHILADA;5.96;0.84;2.98;0.84
ENERGIZER;5.28;4.57;2.35;9.96
ENZO;1.43;-2.19;2.04;9.94
EPCOT;6.98;-1.03;1.24;0.43
EPIC;6.71;-0.78;2.34;-6.54
EPSTEIN;8.69;-4.4;0.58;-9.6
EQUITY;6.3;6.58;0.32;7.52
ERROL;0.71;3.53;4.21;7.93
ESCAPADE;3.74;8.52;4.03;-8.14
ESCORT;3.04;1.9;2.95;9.06
ESKIMO;5.2;1.6;2.6;7.36
ESPRIT;7.31;6.3;1.11;-0.75
ESPRESSO;4.49;0.82;3.67;-4.73
EUPHRATES;8.74;-0.99;0.91;-3.04
EUREKA;4.81;2.81;3.0;5.01
EUROPA;9.58;-4.26;2.32;-1.07
EWOK;4.9;3.91;1.65;3.13
EXCALIBUR;7.98;0.22;1.76;-8.01
EXETER;9.72;-1.16;2.38;0.41
FABLE;8.74;6.83;4.46;1.1
FACE;8.48;9.32;3.18;-0.46
FAJITA;4.88;4.93;1.47;8.47
FALAFEL;5.14;1.33;2.18;-9.45
FALCON;1.42;2.93;3.72;3.47
FANCY;9.02;2.42;4.14;6.47
FANDANGO;5.49;3.12;1.51;8.11
FANG;5.85;0.33;0.47;-3.87
FANTASIA;8.94;-2.39;4.35;7.88
FATAL BEAUTY;1.88;2.24;0.39;-3.42
FATS;2.7;-0.86;2.14;2.65
FATSO;6.19;7.84;2.62;-7.47
FATTY;4.07;4.5;4.9;-2.48
FAUST;9.02;-1.58;2.9;-5.29
FAUX PAS;1.05;1.91;4.75;-1.81
FEDORA;6.22;2.5;4.02;-5.22
FELIX;0.1;2.39;4.75;0.84
FENDER;2.55;2.83;1.28;-1.17
FENNEL;6.31;4.26;0.72;-8.87
FENWAY;9.03;7.64;2.53;6.77
FERDINAND;7.33;-1.92;3.37;-7.92
FERREO;1.99;-1.54;3.2;-9.95
FIDO;5.13;3.71;4.18;5.75
FIESTA;4.14;-4.83;3.02;4.56
FIFI;1.95;-0.51;4.86;-1.64
FIGARO;0.13;2.74;2.2;1.66
FIJI;9.4;-2.64;1.42;3.49
FIKRI;2.08;-2.0;1.51;3.77
FINK;2.24;-3.28;0.2;3.55
FINN;2.51;-1.67;1.31;-2.48
FIREBUG;0.6;3.28;4.2;-6.26
FIRECRACKER;5.07;3.27;1.49;1.22
FISHBONE;7.27;3.18;4.8;-1.32
FIZZ;5.59;8.29;0.11;9.32
FLANNEL;8.95;-3.96;4.58;-3.65
FLAPPER;8.84;9.13;4.83;0.67
FLASH;2.84;-0.22;3.78;8.97
FLETCH;8.47;8.7;2.7;3.29
FLEUR;2.57;3.6;3.79;5.85
FLICKER;0.58;-2.69;4.83;-7.34
FLING;9.93;-0.9;2.5;7.66
FLIPPER;3.33;0.67;3.95;5.78
FLIRT;1.34;-1.53;2.58;7.21
FLORA;8.06;9.11;3.91;-1.48
FLOWER;0.44;-2.39;4.87;6.25
FLOYD;9.42;9.72;1.7;-1.87
FLUFFY;0.83;-4.8;0.58;-6.77
FLURRY;4.81;2.49;3.41;8.55
FLUSH;5.37;3.1;1.87;-8.41
FLY GIRL;5.75;4.75;2.34;-9.38
FOIE GRAS;0.98;2.05;2.12;-6.36
FONDUE;6.49;7.3;3.06;4.31
FONZI;0.38;9.88;2.86;-0.56
FOOTBALL;7.38;-0.83;2.22;5.64
FORMOSA;4.73;-0.79;1.17;5.79
FOXY;3.4;1.69;2.48;-4.96
FRANKENSTEIN;3.66;4.23;2.15;-5.16
FRANKIE;0.35;-3.29;2.52;-0.1
FRAZIER;1.5;-4.1;2.63;-2.9
FRECKLES;4.05;-3.27;2.47;-1.79
FREEBIE;1.31;7.77;3.28;8.94
FREEWAY;0.2;-0.57;4.89;-4.2
FREUD;0.57;9.24;2.76;8.87
FRIAR TUCK;4.97;7.07;3.24;-5.72
FRIDAY;4.98;1.04;3.61;2.67
FRISBEE;9.25;-4.63;0.55;-7.96
FRISKY;9.35;2.01;1.01;-7.9
FRITZ;1.55;5.06;2.47;5.54
FRODO ;6.97;4.85;1.6;6.84
FROGGY;7.36;8.32;0.27;3.22
FROSTY;1.49;-3.01;0.94;4.62
FU MAN CHU;5.08;0.57;0.27;9.12
FU MING CHU;7.66;-3.0;4.41;9.04
FUCHSIA;1.37;7.37;2.68;-1.26
FUDD;9.94;0.29;2.57;0.1
FUDDLES;0.89;-0.48;4.01;-5.9
FUDGE;0.4;1.7;3.23;-2.89
FUNGUS;8.29;-1.48;3.48;-9.38
FUNKY;9.86;-3.56;3.8;-1.42
FUNNYGIRL;2.65;-1.95;0.08;-7.25
FURBALL;8.69;-0.56;3.8;9.24
FURFACE;6.92;5.98;3.08;0.76
FURIOSO;6.34;7.16;3.28;8.59
FURR;7.76;5.32;0.4;-3.92
FUZZIE;0.8;9.36;4.81;0.83
GAELIC;3.27;-4.22;0.0;-2.89
GALILEO;2.18;-2.91;2.29;-8.86
GAMBLER;8.94;-2.84;1.03;3.24
GARBO;6.74;7.33;1.45;-2.22
GARGOYLE;4.52;3.73;2.77;8.95
GARLIC;0.34;8.11;3.17;-4.97
GARP;6.87;3.03;0.34;-4.63
GATEKEEPER;2.69;1.41;1.75;6.55
GATOR;6.66;-4.03;2.66;-8.37
GATSBY;6.47;5.68;1.73;-5.92
GAVIN;9.02;4.12;4.43;3.28
GAZELLE;7.68;2.87;3.16;-9.02
GAZPACHO;0.76;8.75;4.78;9.97
GECKO;6.16;-1.16;1.12;-4.15
GEEKIE;9.61;9.62;2.08;-0.4
GEEZER;7.78;4.9;1.95;5.43
GEISHA;2.83;5.78;0.04;-8.68
GEMINI;2.18;6.88;4.75;-7.96
GENESIS;5.68;4.1;1.89;4.73
GENGHIS;2.58;6.65;2.74;-5.09
GENIE;2.33;-0.07;0.58;-2.72
GENIUS;6.55;0.21;0.74;0.53
GEORGIA;4.31;-1.77;4.01;-2.72
GEPPETTO;9.15;0.0;0.9;-8.44
GERBIL;4.39;-2.75;0.95;4.91
GERONIMO;2.54;2.5;0.3;9.06
GERTRUDE;5.95;-4.63;3.99;-1.7
GHIRADELLI;8.27;1.72;0.14;-1.99
GHOSTBUSTER;0.53;-4.3;2.78;6.94
GIDDY;1.46;2.05;2.66;-9.44
GIDEON;8.9;1.71;1.34;-0.05
GIDGET;8.1;3.35;2.89;7.17
GIGGLES;3.12;0.91;0.26;1.08
GIGI;9.48;9.64;4.01;0.06
GIGOLO;9.97;-2.77;0.09;8.11
GILLIGAN;0.29;-3.6;0.88;8.87
GIMP;8.4;6.74;4.04;-1.42
GIN;9.18;0.46;2.92;3.39
GINGER;6.15;-4.97;4.11;9.27
GINGERSNAP;3.35;5.27;3.55;-7.05
GINGHAM;3.22;7.9;0.98;1.81
GINSENG;1.05;2.52;4.78;7.33
GIPPER;2.53;1.71;4.47;-8.58
GIRL;8.48;0.68;1.67;-0.94
GIRLFRIEND;0.28;7.3;2.29;1.17
GIRO;9.94;9.14;2.74;1.54
GISELLE;1.32;6.14;1.45;9.2
GIZMO;2.82;0.59;3.67;3.2
GLADSTONE;7.18;-4.4;2.54;0.84
GNOME;1.25;8.03;2.64;2.07
GOBBLE;6.97;4.01;3.71;3.15
GOBLIN;4.95;6.65;2.33;-9.23
GODFATHER;3.9;0.28;2.09;4.01
GODZILLA;2.13;-0.69;4.45;6.52
GOETHE;2.45;5.97;2.04;3.09
GOLDIE;7.94;8.33;4.14;6.22
GOLDILOCKS;4.1;2.14;0.34;6.97
GOLIATH;2.47;-4.88;2.77;-9.12
GOMER;1.66;6.61;0.29;5.61
GOOBER;4.62;2.38;3.94;9.61
GOOCH;4.94;-3.85;2.39;-7.47
GOOMBA;0.87;8.34;3.72;-2.11
GOOSE;2.99;-3.15;0.89;-4.18
GOPHER;0.38;5.08;2.32;9.45
GORDO;0.54;9.71;1.57;-7.53
GORGEOUS;0.37;7.77;0.92;7.22
GORILLA;8.95;-2.74;2.49;3.05
GORKY;8.22;4.76;3.24;2.44
GOUDA;4.14;-4.49;0.39;9.18
GRACE;9.19;-2.63;2.98;-2.82
GRANDEUR;7.02;-0.18;2.29;0.92
GRAZIE;1.31;-2.84;4.47;9.75
GREMLIN;3.81;-3.54;2.28;6.46
GRETEL;1.26;1.99;4.93;8.01
GREYSTOKE;6.6;5.58;0.45;1.33
GRITS;7.82;5.99;3.24;0.0
GRIZZLY;6.86;5.46;1.78;-0.63
GROUCHO;1.67;-2.66;1.2;-2.99
GROVER;7.01;0.74;4.11;-7.26
GRUMPUS;3.2;6.46;4.61;8.71
GRUMPY;7.83;7.23;0.63;-6.69
GRUNGE;2.02;1.22;2.61;-4.95
GRUNION;1.78;-1.37;3.6;-7.47
GRUNT;4.84;-1.11;0.19;4.7
GUAYMAS;5.15;-0.2;2.13;2.23
GUCCI;0.58;4.06;4.81;-5.0
GUFFAW;3.95;5.07;3.23;3.51
GUIDO;4.07;0.2;4.49;-7.18
GUINEVERE;1.44;3.16;1.52;-4.03
GULLIVER;2.46;0.79;0.8;1.53
GUMBALL;7.51;4.86;4.24;4.59
GUMBO;0.59;5.82;1.66;3.46
GUMBY;2.38;2.74;4.59;6.63
GUMDROP;4.51;-3.09;4.89;-7.18
GUMMIE BEAR;0.08;6.36;2.34;5.53
GUMPS;4.26;4.17;4.87;-1.21
GUNG HO;9.27;-0.21;2.34;4.36
GUNNER;0.23;-4.04;0.72;3.61
GUNTHER;1.58;2.26;2.43;-4.05
GURU;9.26;6.59;0.99;5.37
GUS;0.24;-3.35;3.82;-8.03
GUSSY;9.51;6.19;0.7;0.19
GUSTO;4.14;3.63;2.89;-1.71
GUY;5.68;-4.99;3.06;3.75
GYPSY;5.02;-0.91;0.05;8.83
GYRO;8.23;-1.3;4.56;-3.18
HACHI-KO;8.06;4.91;2.08;-4.85
HACKI-SACK;3.43;4.86;2.93;4.44
HALCYON;8.4;-1.68;1.15;-5.96
HALEY;2.79;4.49;4.31;3.86
HAM;9.0;7.37;4.36;0.53
HAMLET;3.6;5.98;1.71;0.6
HAMMER;7.32;0.22;4.48;-1.58
HANCOCK;4.47;-1.64;3.3;-2.37
HANDSOME;1.21;3.42;3.35;5.46
HANNIBAL;2.14;8.49;0.49;7.42
HANSEL;6.55;4.15;1.05;-4.02
HAPPY;8.76;-3.49;1.64;1.66
HAPPY FEET;1.93;4.37;4.74;7.49
HARD ROCK;0.94;-3.24;3.78;-1.87
HARDY;8.05;-0.96;2.89;4.28
HARLEY;4.47;0.94;0.82;9.92
HARMONY;1.95;-0.87;1.26;-5.42
HARPO;1.33;-1.52;3.17;6.52
HARVEY;8.95;-1.01;3.77;4.1
HASKELL;7.78;7.8;4.62;1.43
HAVANA;7.26;1.23;2.27;-7.06
HAVOC;4.96;-3.34;3.86;6.35
HAWK;3.17;6.25;0.77;8.1
HAWKEYE;6.16;-2.77;4.21;-3.43
HAZER;6.85;-3.01;0.53;9.14
HEARTBREAKER;6.95;6.79;1.3;-2.84
HEARTS;1.6;-1.31;4.29;8.79
HEATHCLIFF;7.21;2.3;4.65;5.09
HEATHER;1.62;-3.27;3.46;-3.68
HEAVEN;6.61;-3.09;0.69;6.78
HEDGEHOG;6.05;9.49;3.88;-4.55
HEFTY;7.29;9.54;0.4;-4.2
HEIDI;9.51;2.29;1.73;-5.54
HEIRESS;0.39;2.87;1.7;0.68
HERCULES;1.72;6.56;2.5;-9.63
HERMAN;5.14;-1.58;2.37;-2.35
HERMES;1.61;2.76;2.29;-5.08
HERMIT;2.26;-3.5;0.92;7.62
HERO;3.33;-0.97;1.61;-5.88
HERSHEY;5.29;7.39;3.94;2.81
HICKORY;4.58;6.1;3.65;-0.94
HILDA;6.54;8.9;4.61;-7.77
HIPPO;9.9;3.43;4.65;9.98
HIPPODROME;6.45;9.06;3.53;1.12
HISTORIA;4.04;9.28;0.74;0.97
HOAGIE;7.97;6.78;4.14;4.05
HOBBIT;3.18;-2.81;1.46;-2.43
HOBO;9.68;6.77;1.12;-3.72
HOCUS-POCUS;4.21;4.33;1.89;4.4
HOG;4.31;8.81;1.79;-6.64
HOLLY;4.65;1.51;0.99;5.47
HOLLYWOOD;1.51;0.33;1.3;-6.35
HOMEBOY;8.61;-2.26;0.51;3.79
HOMER;6.24;-0.03;4.16;3.47
HOMEY;6.21;1.71;4.92;-6.75
HONCHO;6.94;8.25;0.32;9.76
HONEY;6.95;5.79;3.77;-0.53
HONEY BEAR;9.65;-3.94;0.96;9.87
HONEYBEE;9.48;-2.98;4.71;-7.71
HONEYSUCKLE ROSE;7.29;3.99;4.66;-6.58
HONKY-TONK;3.11;3.41;1.04;-3.09
HOOCH;5.34;-3.86;1.51;-4.2
HOOD;8.74;7.64;4.45;-3.96
HOOFMAN;7.96;-1.18;3.57;8.33
HOOK;9.28;-1.22;4.39;0.31
HOOLIGAN;1.05;-4.87;1.45;-5.42
HOOSIER;2.48;1.52;2.15;9.29
HOOVER;1.04;8.63;3.14;7.68
HOPE;1.18;1.47;3.72;-9.84
HORACE;0.98;4.25;2.27;8.62
HORATIO;8.65;3.12;1.86;6.57
HORS D'OUVRES;7.86;2.42;4.38;9.97
HORSHACK;9.5;-3.47;4.05;-5.13
HORUS;7.56;-3.16;1.05;-5.01
HOT DOG;8.43;2.07;4.21;9.72
HOTSHOT;6.38;4.66;2.78;6.81
HOUDINI;2.42;6.78;2.4;6.84
HOWARD;0.68;-3.24;3.02;7.58
HOWLER;3.74;-1.16;2.82;-5.36
HUBBA HUBBA;8.44;-0.65;1.87;-7.85
HUBBLE;4.24;-3.6;1.85;-7.61
HUCK;9.31;2.32;4.23;6.11
HUDSON;3.33;0.08;4.04;-2.95
HUGGER-MUGGER;1.98;3.0;3.34;3.23
HUGO;5.19;-2.55;0.15;5.9
HULK;0.45;7.92;2.17;1.53
HUMDINGER;2.51;1.27;2.67;7.55
HUMPHREY;3.04;-0.72;1.07;3.25
HUNTER;7.36;2.78;0.55;-1.79
HUNTRESS;0.54;-4.15;1.48;8.23
HURRICANE;1.52;8.88;0.94;5.77
HYDE;2.7;-2.45;1.77;-4.51
ICARUS;1.76;7.06;2.2;8.95
ICEMAN;4.14;-3.92;2.48;-7.17
ICE-T;7.52;4.73;3.49;3.55
ICON;3.93;-1.88;4.52;-0.8
IDA;1.47;8.8;2.7;-6.7
IDITAROD;5.12;-3.75;4.99;9.59
IGGY;5.24;-4.87;0.59;7.43
IGLOO;3.23;6.37;1.9;-2.82
IGNATIUS;6.02;-4.14;0.26;-7.5
IGOR;5.13;9.43;4.81;-7.44
INCA;1.22;2.0;2.4;-9.83
INDIANA;2.24;-1.41;0.08;4.82
INDIE;1.81;-3.27;3.01;-1.07
INDIGO;4.53;7.25;0.54;-5.8
INFINITY;6.72;3.89;1.44;1.41
INKY;4.21;-3.31;0.43;-8.98
INTELECTUS;3.7;-4.59;2.94;4.98
INTREPID;0.64;-4.24;3.13;0.83
IODINE;4.25;-1.07;1.11;7.58
IOTA;0.31;4.55;0.09;0.46
IRA;2.76;2.08;1.95;6.29
IRIE;8.41;1.54;0.66;-5.41
IRIS;2.74;2.56;2.42;-9.19
IRRESISTIBLE;0.9;8.5;4.12;7.82
ISABELLE;5.09;2.24;2.55;8.98
ISHTA;8.49;5.77;0.87;-7.97
ISHTAR;6.32;2.54;1.73;-2.96
ISIS;6.6;4.1;1.6;-6.58
IVY;6.8;1.7;0.64;-8.86
